\newpage
\section*{Directionality Indices}

\begin{table}
  \centering
  \caption{Directionality indices (1Mb Windows)}
  \label{tab:di_1mb}
  \begin{tabular}
    \toprule
    1.00 & 0.89 & 0.74 & 0.81 & 0.83 & 0.83 & 0.83 & 0.82 \\
    0.89 & 1.00 & 0.76 & 0.78 & 0.70 & 0.79 & 0.81 & 0.70 \\
    0.74 & 0.76 & 1.00 & 0.95 & 0.82 & 0.92 & 0.93 & 0.84 \\
    0.81 & 0.78 & 0.95 & 1.00 & 0.91 & 0.96 & 0.97 & 0.91 \\
    0.83 & 0.70 & 0.82 & 0.91 & 1.00 & 0.91 & 0.90 & 0.97 \\
    0.83 & 0.79 & 0.92 & 0.96 & 0.91 & 1.00 & 0.96 & 0.92 \\
    0.83 & 0.81 & 0.93 & 0.96 & 0.90 & 0.96 & 1.00 & 0.91 \\
    0.82 & 0.70 & 0.84 & 0.91 & 0.97 & 0.92 & 0.91 & 1.00 \\
    \bottomrule
  \end{tabular}
\end{table}

\begin{table}
  \centering
  \caption{Directionality indices (200kb Windows)}
  \label{tab:di_200kb}
  \begin{tabular}
    \toprule
    1.00 & 0.84 & 0.80 & 0.83 & 0.80 & 0.78 & 0.78 & 0.77 \\
    0.84 & 1.00 & 0.91 & 0.92 & 0.82 & 0.86 & 0.86 & 0.79 \\
    0.80 & 0.91 & 1.00 & 0.91 & 0.80 & 0.83 & 0.83 & 0.77 \\
    0.83 & 0.92 & 0.91 & 1.00 & 0.84 & 0.86 & 0.85 & 0.81 \\
    0.80 & 0.82 & 0.80 & 0.84 & 1.00 & 0.80 & 0.79 & 0.82 \\
    0.78 & 0.86 & 0.83 & 0.86 & 0.80 & 1.00 & 0.82 & 0.77 \\
    0.78 & 0.86 & 0.83 & 0.85 & 0.79 & 0.82 & 1.00 & 0.77 \\
    0.77 & 0.79 & 0.77 & 0.81 & 0.82 & 0.77 & 0.77 & 1.00 \\
    \bottomrule
  \end{tabular}
\end{table}
